# x y
-6802978829897223.000000 -4386517048438539.500000
-7384805870091605.000000 -2299211231555680.000000
-5901998624120327.000000 -3176181347692988.000000
-6469346271179572.000000 -1055119911077319.250000
-16663520194262812.000000 -8770151841904001.000000
4925514563186023.000000 -18851796250201368.000000
-6168656199079010.000000 -21065335981764268.000000
-23002063781129788.000000 105010319078508.125000
-11750322932502764.000000 4388343683113878.500000
2812337973321.024414 -6274907459100908.000000
-19129052540695912.000000 -11812997143001128.000000
16954159314269324.000000 1498057226185700.250000
-15513075062693018.000000 -10464327476371692.000000
-12143007609746062.000000 20125479728110692.000000
-18590538257861916.000000 14057861676437818.000000
-4020912172166711.000000 14590752225849008.000000
15291573929303736.000000 13600230924422138.000000
-5130702866823068.000000 -10046797608203580.000000
-3489150226174556.500000 -20253626894871192.000000
-9798701301112690.000000 10215715732936498.000000
22641826126483408.000000 -3504597668329687.500000
-18857042964804700.000000 -4391316899137231.500000
14990006057764248.000000 -8791004551402929.000000
-7496479858382881.000000 20455720205202004.000000
-1637551492515113.250000 8782399690576908.000000
-1029190425883822.500000 -22115233300920044.000000
10540589056644202.000000 20303221114206408.000000
14868297401223330.000000 17668295000001818.000000
-20876827785095652.000000 -8679810471621070.000000
-7879608597905256.000000 -11750651896406408.000000
2298059058144394.500000 -21103015586613524.000000
17596840758746542.000000 -13910570388836108.000000
-12706468218277904.000000 1179739138816688.000000
-14756304368649036.000000 -3336544545688044.500000
18971098893956564.000000 -2308491751548710.500000
-7194021763872463.000000 20440350341033924.000000
6338247625228319.000000 -2122789034206795.750000
-7912323207320633.000000 -16621809760836362.000000
-13580419038995174.000000 8140600531363357.000000
20074196233985644.000000 1933863869501497.750000
-19048212374732692.000000 -7763055686428899.000000
3134757487311811.000000 14304805063304204.000000
6746353997019287.000000 18725039459201908.000000
-8171735743681509.000000 -9044435749130722.000000
-16910448070720230.000000 9680859825715086.000000
-11697992745703190.000000 18096668254017856.000000
2188727309556849.250000 -21266635402206924.000000
4638475756013182.000000 21667186744531976.000000
10280430485573664.000000 -15605319713382844.000000
-6107723707533897.000000 -5987397217699905.000000
2799738836315227.000000 11675060117237816.000000
-19208178291618076.000000 2203212520648065.750000
-6558972637559532.000000 4026618276683023.500000
-4568041900243533.000000 7659093729147963.000000
-1321895275773790.500000 -21814067511500180.000000
14887998199982354.000000 -4143040232876220.000000
-20000769806214944.000000 5403867511134297.000000
15235963297380886.000000 954137141769918.500000
837443794520920.500000 4169707584300554.000000
799841885228080.375000 -20999873346157776.000000
16325852105889870.000000 -14953532058520568.000000
18002704474673344.000000 6491045446659560.000000
22164503918831812.000000 7606068963530104.000000
15283910465661804.000000 -11614081356340200.000000
8419750600147507.000000 13913989361272924.000000
11589623390843826.000000 -6730857366526408.000000
21294812511648496.000000 -8363856606271475.000000
17022457740502546.000000 -11898934416074926.000000
-1506802160905914.000000 -9447760890134906.000000
13229526468301698.000000 19935206175464052.000000
-10613190086059040.000000 652056528982126.750000
-18497372264037744.000000 8500046723774237.000000
17365245732180222.000000 5125234922415475.000000
-18433250018137224.000000 2698337093695402.000000
6729411806926376.000000 -17717311636555344.000000
11971281398853888.000000 148657393649703.281250
8896847886556664.000000 14990599484517032.000000
5444496451769067.000000 7477920201366708.000000
11888114977311412.000000 12437168259355286.000000
2542911309495761.500000 22941553233274400.000000
