# x y
-19269537662284816.000000 1286849129168487.250000
-20244496181339004.000000 186853219537989.125000
-18165630867185148.000000 187178537522506.125000
-20452647667660900.000000 1573409269947961.750000
3752372676704178.000000 18960267131778704.000000
9702866653889902.000000 -22497601631230856.000000
19004508352537548.000000 -3163234275114806.500000
-10016024106855234.000000 -4374370774266973.000000
-9824589463658052.000000 7748392503555176.000000
24125618568628412.000000 6571435657421474.000000
20448846712611804.000000 -15149137273352970.000000
6105930755854494.000000 24001830338061240.000000
8186742509108214.000000 18791668666509660.000000
5167550618126755.000000 15621570010396638.000000
-6971887940478190.000000 -1907956682197722.500000
-21238091808560908.000000 -10619019282399944.000000
5338103699069473.000000 1250260679660417.250000
-15502756819745112.000000 -750196990364714.000000
-12580826377974370.000000 -14197125122630896.000000
9646900317322672.000000 -23414164893449668.000000
13944594313834554.000000 21274267109908868.000000
-6937734203669261.000000 19199359756060276.000000
-7906040991152181.000000 -15402883648583986.000000
3363084695187874.000000 -15361786762238728.000000
21022525120563220.000000 -15711753032374280.000000
13985828580117406.000000 3152787930683073.500000
8849120512955979.000000 -24741199709173888.000000
15375681778902634.000000 3745412023319782.500000
10053325640090770.000000 -11270531894259194.000000
-23997734030587756.000000 -2170865926041039.000000
4563913440760683.000000 -4706735187435295.000000
-10640056734726416.000000 -19523801567988292.000000
3159831136680466.000000 -25087415172920744.000000
-7949481335589995.000000 20528257070050576.000000
-1947641483662936.750000 16937018247094760.000000
-7864290014209007.000000 23527639237317460.000000
-10779456368954908.000000 19501326404666112.000000
23740147634255196.000000 5925527206773118.000000
17535098678743152.000000 -13923759647597180.000000
4710734480835732.000000 -20883391727633064.000000
1214689588273653.750000 -4566965470816166.000000
-280231960965680.187500 -12663976011878396.000000
-20714511935799036.000000 13016800016766024.000000
9715112848125966.000000 19913825286111208.000000
6398219027140942.000000 -19787941159074012.000000
-13706737525799944.000000 20619003665735180.000000
-8777439107797897.000000 -22559115810362984.000000
-15330824761975296.000000 16722606397968028.000000
24923553248176696.000000 -7853622526258928.000000
-1407255696472911.250000 24781093356548740.000000
-8279960145854566.000000 -18560203646431100.000000
-10995906857475546.000000 -5074476078338718.000000
-14671674830953016.000000 16682119749815272.000000
25150512556456496.000000 81187365796338.937500
-10086619900286304.000000 7888109720433740.000000
-2556514253716512.000000 5080505090785456.000000
5274317997049522.000000 864004145727786.750000
419921596220262.562500 -16805444949579150.000000
6695425370357769.000000 -10559550399217412.000000
-20327353003861900.000000 -49172508671239.648438
-23940957221035060.000000 -1271770782530053.000000
-2432112457359477.500000 1733262406735972.500000
-9091399473121610.000000 -2936472194580751.500000
21571361915928176.000000 -5400362039256387.000000
-3977452420316832.000000 -14273637562905272.000000
19099547348464988.000000 15842717057689470.000000
-19722887586920916.000000 2431733817569885.000000
-11947112877886878.000000 17731475976318804.000000
-11244932839119274.000000 -10515285761070716.000000
24984118981679328.000000 7549674155137864.000000
5573417939074848.000000 9208056421254468.000000
-20309988949351880.000000 8600987687212025.000000
16910766022346884.000000 14535710139193586.000000
-4849530604136313.000000 -7065963807792160.000000
-9384158697422054.000000 11775296435120778.000000
6572699104627866.000000 -4453074555514238.500000
-15811547908758232.000000 -19708193218998396.000000
-1624486243329500.500000 9593209801678208.000000
17559734672180388.000000 18101973172390836.000000
10742654828479092.000000 -22141011366103260.000000
