# x y
-32322862132261832.000000 2008822880654079.000000
-32643774555418704.000000 2475742629097658.000000
-31806211074259392.000000 4952368025752845.000000
-31931708618464720.000000 4488798796330322.000000
16724363099544376.000000 -4527763885991333.000000
7446562894280367.000000 16993573212857400.000000
9883255811899154.000000 710488419573720.625000
12773259751551598.000000 19407940735935452.000000
-11199679343341448.000000 -1339595650372427.500000
11263293594886986.000000 15248110134772754.000000
17076650645288722.000000 -13008850977818464.000000
1042115602337984.250000 -18393350080116076.000000
-8753907007269819.000000 19142013381064696.000000
3572654531248121.000000 13027103163686144.000000
-17752047960569964.000000 6183638593963420.000000
-12610458827718528.000000 6426531076243758.000000
14330712111521418.000000 -16729849867753328.000000
16573164311729528.000000 -3359922127815431.500000
-1512020780844466.750000 -23531402904432888.000000
-19178192017519732.000000 -10884497784326174.000000
9602608021855102.000000 -18104934126248308.000000
2885542439522994.000000 -16932406455531612.000000
-19984601468699692.000000 4054016912764341.500000
15548193959789502.000000 8046707049464070.000000
7349748326610773.000000 -22328245587071784.000000
13152815444899662.000000 -16957154400978108.000000
-10259800771773230.000000 8332843381532642.000000
7990557820375671.000000 15918210596888194.000000
6995227263725824.000000 3487167717563278.000000
16974215716433950.000000 10881018158747484.000000
1550120495565820.500000 -19010487848219844.000000
7642652328222559.000000 18705434220200632.000000
-6695086420445966.000000 -11783584737181928.000000
-7315410721228102.000000 597092017638345.500000
3899371034520413.500000 -24068676316217536.000000
-10359169304938834.000000 -18593824598094628.000000
-20100560924087196.000000 7058760694530373.000000
19742363840265888.000000 -15996870681194308.000000
9681816540555166.000000 21075765494628960.000000
10893865868529142.000000 8603234775730896.000000
824765053544272.625000 22286885633773200.000000
13528392076673070.000000 -13086055170225006.000000
-13081250554984824.000000 -3584272287537633.500000
-2383864249471615.000000 13395162392002248.000000
16473437737541878.000000 16432064220308148.000000
8323865045130984.000000 -8312460878342180.000000
-5513434729936063.000000 -14626523672064222.000000
-12366785283541776.000000 -14227950719256124.000000
-18656226055427212.000000 -5764300309046104.000000
600920818474751.000000 -18688083346695652.000000
-8098975153313654.000000 -4083431060712576.000000
-16490384643966816.000000 14497627428252652.000000
-680071578277515.500000 15043789148756804.000000
4522080004515083.000000 -6871479245502998.000000
1553850444431541.000000 20520579053135216.000000
-4734298506254335.000000 22497754971318296.000000
19596110703460240.000000 -9846859523768786.000000
-16520115764632668.000000 1292739327345086.250000
11079347611876604.000000 -9390424084664734.000000
-10180281663341926.000000 2354394968395900.000000
1434224306653444.750000 172253909240025.406250
-5035191926165411.000000 7172140504587731.000000
21111539208966384.000000 -6960126091158402.000000
22047348668227116.000000 9410305414389486.000000
-14074078699862752.000000 -5191241660779962.000000
-19952501508103596.000000 523304314919434.375000
-4373405552852769.000000 19361581364030104.000000
-4950160679429289.000000 -12330187522240260.000000
7714229446215870.000000 -3134128855123293.000000
-10198544840799426.000000 6616280432948630.000000
6358669077838358.000000 13176334987929968.000000
-14012111815137648.000000 10718377317448484.000000
24103024712493788.000000 -413427939237622.437500
-10220400953215538.000000 -19510876150513944.000000
13259621099225004.000000 -3139958402150916.000000
24127729073631272.000000 2396527459902160.000000
-18151148915556508.000000 12651265410972484.000000
12007670167456712.000000 1442618727962955.000000
-15086050719043836.000000 3267993979646836.000000
-18602397546973384.000000 -11360580126621290.000000
