# x y
-23184916355755864.000000 -546437166121257.937500
-22169880326832332.000000 467053040991453.312500
-21908517983407556.000000 -1872937209789126.250000
-19857944671205516.000000 -381743538627260.937500
2010200858311583.500000 24369820898197920.000000
20351118172907644.000000 15668340459116548.000000
6761970069119921.000000 4608070899720548.000000
1332294245102948.000000 1493549766068116.500000
9483982324371700.000000 -4072900168019126.000000
-9475847951203132.000000 22033096508195160.000000
7394627204006938.000000 16343041849664908.000000
-1633920372607999.000000 -14591414127353570.000000
-7401125241983788.000000 -21975932532858496.000000
-16735330636923260.000000 -5666379509039120.000000
19097940361027952.000000 -19166838692570124.000000
3870716007439633.000000 10513170632082122.000000
7573501982262351.000000 -20992500156101872.000000
10919020996827594.000000 17997875073527530.000000
-12131977602301408.000000 -19164878814269444.000000
16079214861662774.000000 5381430901162917.000000
26105612651292160.000000 4478047704717884.000000
-7504392934909606.000000 5444275159836899.000000
-10117254524639538.000000 -7761091370847514.000000
-16905221665536332.000000 -9719706020336932.000000
5282156633581403.000000 -7308817800410541.000000
14007437287371654.000000 -12571527645875040.000000
366473390352585.937500 -19652563265763564.000000
7530313786738535.000000 13652601364841772.000000
-23285612231154160.000000 5528503816687554.000000
-7669623278008392.000000 3737153583578961.500000
19764041593120976.000000 4668328454832536.000000
10986482720485270.000000 4876738945151333.000000
13654267378348486.000000 -13691704971073310.000000
12683915728734926.000000 -16212675446284022.000000
-11221370093847792.000000 19794225471082100.000000
14985672238651956.000000 21292853233522276.000000
-15007136101075532.000000 -7884032855170425.000000
-16381956995831092.000000 -16934655806331384.000000
-8141951703385990.000000 17036939058290864.000000
2416135682994340.000000 -15971572507836408.000000
20277897743074908.000000 10691411321584590.000000
8192950645094460.000000 -24590109720120724.000000
-10150706028665276.000000 12116469817513848.000000
-20267202755738044.000000 6331594377918365.000000
7174315468704542.000000 -23641543839495628.000000
-961549367794462.625000 165328830791074.687500
-21423929630065856.000000 -4953312408713637.000000
-4948630593199229.000000 24312856942302424.000000
23424029862296160.000000 -9391114077960300.000000
9908713290022002.000000 -10618808637244782.000000
-4974067608432409.000000 -24382405039895888.000000
-7046462011190244.000000 4453034939100266.500000
-10261543171803084.000000 -13812665929130988.000000
-6406523699862103.000000 -22635149745734724.000000
2735681438829639.500000 11899804861500268.000000
-9923992962229288.000000 12539928208068288.000000
16201520604546284.000000 19810386375308332.000000
-8383167421606716.000000 -1461827084679715.750000
17349213038492628.000000 1596467151418705.500000
6045399184609089.000000 -8763872604020383.000000
-18976820102579560.000000 -10785349520168284.000000
1393254317084388.250000 24819527846619240.000000
25001372049030708.000000 3587662559193734.000000
-21077211279223116.000000 11630193422699522.000000
-18032534434157580.000000 -8588676553802987.000000
6174667954098701.000000 12316036299904326.000000
-22389922034767264.000000 -2180835921289296.500000
-833024431730976.625000 17546728348132920.000000
-8908039421727975.000000 -20195965823777944.000000
-16652265074109912.000000 -15757200075017106.000000
-19531766859916768.000000 14629395803691970.000000
6259882119782095.000000 -22698401651002676.000000
18947686401392232.000000 -7740792612420600.000000
18936301500055076.000000 14097706018070446.000000
12985391995098584.000000 2816061974818576.500000
11739720647100410.000000 12971653179740930.000000
-14977005369308272.000000 5231522202028162.000000
-2691848771184242.500000 -5697197663825334.000000
3452911171185861.500000 5891801488352013.000000
7016494906516189.000000 24024681038479440.000000
