# x y
-19457312711777956.000000 7267482674689861.000000
-19264628911311764.000000 9434094216799862.000000
-19871373433314844.000000 8133417937194185.000000
-19907341026710488.000000 9413366187432428.000000
-23212683359417868.000000 892264004733784.000000
-13138143132239166.000000 -13649852048331544.000000
-2568172245388941.500000 12219322702442082.000000
-8948170451841119.000000 -12718785423356706.000000
21093167182777168.000000 8128208990890916.000000
-4776057712358729.000000 23232838527404376.000000
10606840749021964.000000 22406741505815052.000000
-4537947642307282.000000 5587445712043004.000000
11868439310685498.000000 6757077222346017.000000
-10768311304704418.000000 19235754508064212.000000
21623733342893368.000000 12747213360944914.000000
24121303562045476.000000 -5166070890356614.000000
-7176318172407143.000000 10488222110446714.000000
12060215812309824.000000 -21861567689504500.000000
15800283843047390.000000 -7833061885134565.000000
-15345177850518286.000000 -15026741843457800.000000
16642265778662376.000000 13549172060222962.000000
24529670412695984.000000 3451677174073840.000000
-1425614837488132.500000 -18533102942378768.000000
-19908450718275372.000000 10642114803565724.000000
-8368245549804937.000000 -2812002511749161.000000
-19421923214008948.000000 -13040410659104114.000000
8225178292617409.000000 -17871615893881990.000000
22096594625613968.000000 2972763521065124.500000
17113930393596976.000000 -1828094208289675.250000
-14530356943258812.000000 -18545742940866740.000000
-10109507538412222.000000 8465512693471220.000000
2924377168221947.500000 24447289988040084.000000
23224733557219744.000000 -8307513971943340.000000
10283380464567480.000000 18373806430590204.000000
20344750773652920.000000 -13883887260193892.000000
6260508605782912.000000 -3128494203757052.500000
-11496326507666674.000000 11863027291668768.000000
-17430809905626184.000000 7597895684823179.000000
-17218685640854780.000000 -3868881544770725.500000
6525138118162586.000000 19332723405222168.000000
-2338823826535694.000000 -23926719394542384.000000
3690140711520856.500000 6371146784772993.000000
13220976120227842.000000 -21743235554291004.000000
-21736584655602828.000000 -6580756843879276.000000
18661743556076624.000000 -14427478322906388.000000
-9136351967418692.000000 -14471452594015922.000000
2537733656672040.000000 14402960423599794.000000
-11421236211512500.000000 -21016653362195984.000000
24158978862056244.000000 7853146499273999.000000
-17982783975527056.000000 -13529771819969868.000000
7732048368773345.000000 -8345269049660735.000000
-15396733380239024.000000 6541113375088339.000000
-23419524991737436.000000 4285976313325152.500000
-22622224332270680.000000 -2963490933195335.500000
15562087472765168.000000 -6081025006374999.000000
4826993811718531.000000 -5458096236320514.000000
-11455340667925106.000000 -8611804041533839.000000
7503831626302398.000000 2184853150306154.000000
712390432045929.250000 -9463243548338858.000000
-4008095597358821.000000 8004083170155161.000000
20449009429166576.000000 7778116480266770.000000
-2504566666824189.000000 -24681658056767140.000000
3698383979371295.500000 10595399166488674.000000
-6154197734556858.000000 18872005551699636.000000
11776884313680010.000000 20970087931358716.000000
-6738301468798807.000000 2239230230088764.750000
-6560750946579154.000000 1315729969296644.250000
12607533364045888.000000 5236918298662173.000000
-218532151284364.000000 -11774118696405236.000000
-19505425057428480.000000 10719275055219228.000000
1554153443904182.500000 -21146722799726596.000000
-10360115722876426.000000 -11075969861987390.000000
9692506952913586.000000 -16159932375886302.000000
-6169061771687500.000000 -226600135086208.031250
7724396354650001.000000 -19956580934578252.000000
-16168000050904704.000000 6643884983752987.000000
-1015950376099236.125000 22873104328919600.000000
-17215307275333710.000000 16486728365496708.000000
23361491496330260.000000 7505475101645977.000000
16837863505524886.000000 -632062895507613.875000
